# Blender v2.80 (sub 75) OBJ File: ''
# www.blender.org
mtllib untitled4.mtl
o Cube.015_Cube.016
v -25.124117 24.287565 -81.704193
v -25.124117 24.342432 -82.707680
v -25.124117 24.188753 -81.719559
v -25.124117 24.441244 -82.692314
v -24.982765 24.342432 -82.707680
v -24.982765 24.441244 -82.692314
v -24.982765 24.188753 -81.719559
v -24.982765 24.287565 -81.704193
vn -1.0000 0.0000 0.0000
vn 0.0000 0.1537 -0.9881
vn 1.0000 -0.0000 0.0000
vn 0.0000 -0.1537 0.9881
vn 0.0000 -0.9881 -0.1537
vn 0.0000 0.9881 0.1537
usemtl Material_Light
s 1
f 1//1 2//1 3//1
f 4//2 5//2 2//2
f 6//3 7//3 5//3
f 8//4 3//4 7//4
f 5//5 3//5 2//5
f 4//6 8//6 6//6
f 1//1 4//1 2//1
f 4//2 6//2 5//2
f 6//3 8//3 7//3
f 8//4 1//4 3//4
f 5//5 7//5 3//5
f 4//6 1//6 8//6
o Plane.002
v 33.723293 3.173531 -44.067841
v -33.723293 26.602272 -103.032639
v -33.723293 3.173531 -44.067841
v 33.723293 26.602272 -103.032639
vn 0.0000 0.9293 0.3693
usemtl Material_White
s 1
f 9//7 10//7 11//7
f 9//7 12//7 10//7
o Cube.015_Cube.000
v -12.253121 24.287565 -81.704193
v -12.253121 24.342432 -82.707680
v -12.253121 24.188753 -81.719559
v -12.253121 24.441244 -82.692314
v -11.740659 24.342432 -82.707680
v -11.740659 24.441244 -82.692314
v -11.740659 24.188753 -81.719559
v -11.740659 24.287565 -81.704193
vn -1.0000 -0.0000 0.0000
vn 0.0000 0.1537 -0.9881
vn 1.0000 0.0000 0.0000
vn 0.0000 -0.1537 0.9881
vn 0.0000 -0.9881 -0.1537
vn 0.0000 0.9881 0.1537
usemtl Material_Light.001
s 1
f 13//8 14//8 15//8
f 16//9 17//9 14//9
f 18//10 19//10 17//10
f 20//11 15//11 19//11
f 17//12 15//12 14//12
f 16//13 20//13 18//13
f 13//8 16//8 14//8
f 16//9 18//9 17//9
f 18//10 20//10 19//10
f 20//11 13//11 15//11
f 17//12 19//12 15//12
f 16//13 13//13 20//13
o Cube.015_Cube.001
v -6.620693 24.233803 -79.718002
v -6.620693 24.370377 -83.027611
v -6.620693 23.864574 -79.775421
v -6.620693 24.739607 -82.970184
v 11.120673 24.370377 -83.027611
v 11.120673 24.739607 -82.970184
v 11.120673 23.864574 -79.775421
v 11.120673 24.233803 -79.718002
vn -1.0000 -0.0000 0.0000
vn 0.0000 0.1537 -0.9881
vn 1.0000 -0.0000 0.0000
vn 0.0000 -0.1537 0.9881
vn 0.0000 -0.9881 -0.1537
vn 0.0000 0.9881 0.1537
usemtl Material_Light.002
s 1
f 21//14 22//14 23//14
f 24//15 25//15 22//15
f 26//16 27//16 25//16
f 28//17 23//17 27//17
f 25//18 23//18 22//18
f 24//19 28//19 26//19
f 21//14 24//14 22//14
f 24//15 26//15 25//15
f 26//16 28//16 27//16
f 28//17 21//17 23//17
f 25//18 27//18 23//18
f 24//19 21//19 28//19
